  1.0000000E-01  1.7907730E+00  6.5295563E-01 -4.3961705E-01
  1.0000000E-01 -1.2887783E-01  8.0677902E-01  1.4598700E-01
  1.0000000E-01  9.0887636E-01  4.8968637E-01  6.8477319E-01
  1.0000000E-01 -7.0898500E-01 -4.9636936E-01 -7.0853704E-01
  1.0000000E-01  5.4501026E-01  1.2115744E+00  5.4489695E-01
  1.0000000E-01  3.9032906E-01 -2.0482803E-01  3.9707967E-01
  1.0000000E-01 -6.4381135E-01  7.6428579E-02 -4.6994066E-01
  1.0000000E-01  9.6255405E-01  1.0933122E+00  6.7157828E-01
  1.0000000E-01 -2.8650015E-01 -6.1383377E-01 -2.6425018E-01
  1.0000000E-01 -1.3949413E-01  8.1084012E-01  1.2599979E-01
