  1.0000000E-01  1.7907767E+00  6.5296268E-01 -4.3953648E-01
  1.0000000E-01 -1.2887514E-01  8.0678061E-01  1.4601642E-01
  1.0000000E-01  9.0887886E-01  4.8968762E-01  6.8479864E-01
  1.0000000E-01 -7.0898600E-01 -4.9636951E-01 -7.0845430E-01
  1.0000000E-01  5.4500709E-01  1.2115795E+00  5.4489991E-01
  1.0000000E-01  3.9032781E-01 -2.0482821E-01  3.9718278E-01
  1.0000000E-01 -6.4381086E-01  7.6433605E-02 -4.6991042E-01
  1.0000000E-01  9.6255322E-01  1.0933140E+00  6.7162233E-01
  1.0000000E-01 -2.8650302E-01 -6.1383052E-01 -2.6420029E-01
  1.0000000E-01 -1.3949559E-01  8.1084788E-01  1.2603188E-01
